78.0977 81.1557 1
96.8145 102.113 1
63.3092 72.1375 1
39.2189 58.6912 1
93.3352 101.05 1
43.2578 48.5604 1
17.6941 23.5764 1
61.6864 78.8436 1
15.6997 26.4853 1
22.5501 29.0389 1
16.9529 19.4264 1
1.76055 17.1695 1
95.1901 110.242 1
91.7486 96.4702 1
31.9422 47.5833 1
78.8021 92.9172 1
83.963 101.171 1
10.9535 13.4722 1
28.1577 44.627 1
89.8755 102.323 1
66.4676 69.4743 1
77.4346 88.3491 1
83.5604 97.5352 1
54.1718 65.3419 1
10.3461 10.8928 1
85.9193 90.8891 1
91.0133 106.467 1
96.9845 110.544 1
58.127 71.589 1
53.382 68.7425 1
2.09523 9.39779 1
75.917 93.8434 1
53.3305 72.2445 1
83.9653 97.8768 1
83.6212 100.282 1
61.6324 78.1492 1
78.5374 94.8398 1
87.1984 95.791 1
37.2526 54.9566 1
58.7322 73.667 1
39.5789 57.3028 1
13.4759 33.3947 1
52.0661 55.466 1
12.7267 16.1827 1
89.4998 99.6279 1
95.0334 103.225 1
70.7287 89.9608 1
30.1953 46.6709 1
70.8256 81.639 1
79.7807 91.3098 1
40.6416 40.6529 1
16.2479 34.7599 1
63.761 70.2965 1
20.2394 29.0742 1
66.0379 82.5393 1
56.5493 70.6888 1
52.5728 60.0488 1
82.544 95.7821 1
37.9376 55.757 1
51.9756 58.1596 1
65.21 76.276 1
17.442 29.7648 1
65.0056 84.1499 1
96.2094 101.241 1
60.7462 68.5941 1
49.6182 57.9318 1
34.4141 43.2016 1
22.9068 30.7241 1
26.1805 38.7423 1
64.6981 67.5688 1
30.7998 34.5717 1
24.4981 25.9671 1
83.0711 96.1773 1
52.6401 67.7009 1
18.7382 30.7063 1
26.3035 26.5796 1
59.2814 77.6652 1
99.4111 109.004 1
24.92 40.0538 1
6.06952 17.7753 1
42.3561 54.3021 1
1.51318 17.3467 1
76.5273 91.4481 1
53.185 56.917 1
87.5019 92.8283 1
59.3563 63.6777 1
72.1371 77.6297 1
67.9134 73.4962 1
87.8152 101.275 1
11.2266 29.9867 1
63.4941 70.6771 1
77.2012 80.9305 1
99.5945 117.916 1
63.6129 77.7577 1
93.2514 93.8404 1
51.8673 56.2 1
79.6081 99.5638 1
28.6442 43.2015 1
69.3921 72.9299 1
62.4983 79.3406 1
52.5128 50.8298 -1
23.7524 12.8095 -1
22.8983 22.7903 -1
90.5774 74.0289 -1
6.00242 -3.81853 -1
75.8921 58.5782 -1
25.7478 21.8651 -1
29.3586 18.8558 -1
65.471 47.958 -1
55.9561 43.5214 -1
34.7367 26.5092 -1
61.7623 46.5326 -1
30.5945 21.2567 -1
97.6309 95.0758 -1
21.3513 17.7687 -1
72.2023 54.9768 -1
57.7289 48.2479 -1
3.27325 -1.56062 -1
27.8323 17.2869 -1
30.3438 11.8751 -1
48.1865 39.1389 -1
62.5983 42.5666 -1
62.0003 42.7475 -1
70.3802 60.1081 -1
75.6514 65.4192 -1
6.26118 -8.63806 -1
39.1887 28.0383 -1
1.38743 -12.0571 -1
37.9682 21.7752 -1
9.31827 -9.46522 -1
17.7747 5.29869 -1
15.6526 8.50195 -1
69.5415 68.2246 -1
83.5037 75.848 -1
23.068 5.98785 -1
58.6651 56.2118 -1
19.791 2.33111 -1
35.151 18.3037 -1
27.1264 13.536 -1
61.421 44.3996 -1
21.6272 18.2985 -1
61.1932 60.6649 -1
15.8242 14.2331 -1
49.7019 35.5732 -1
6.22642 2.86324 -1
68.3104 61.3419 -1
73.4377 66.9487 -1
63.9009 47.8523 -1
62.8457 60.325 -1
91.8986 72.494 -1
3.2429 -3.49853 -1
96.3357 85.1551 -1
70.2853 55.2494 -1
25.8133 13.4365 -1
26.3814 8.5897 -1
49.0006 34.0397 -1
23.881 15.7908 -1
39.1163 33.3167 -1
6.673 -11.9348 -1
28.8911 20.9701 -1
87.8367 68.6265 -1
12.1773 2.8856 -1
35.617 20.1378 -1
64.375 59.7206 -1
22.912 9.0978 -1
6.13423 5.52444 -1
51.4777 48.9725 -1
89.198 80.9918 -1
27.4441 13.0232 -1
33.5043 31.6724 -1
68.6243 51.9798 -1
32.1708 13.845 -1
5.20798 4.34006 -1
86.5443 85.8439 -1
64.4755 63.3478 -1
16.4468 2.76432 -1
39.3327 20.193 -1
56.3503 38.1472 -1
64.0103 61.0526 -1
9.8977 -0.894607 -1
75.4824 75.3428 1
34.7929 27.8523 -1
17.3569 14.7982 -1
25.7443 23.6324 -1
42.9502 40.7123 -1
74.8952 55.4886 -1
19.553 5.40475 -1
37.2713 17.4224 -1
92.3062 90.8636 -1
5.02155 -11.1902 -1
50.5836 50.3581 -1
57.1938 46.8092 -1
65.8129 53.0419 -1
18.206 15.7364 -1
24.2102 4.16124 -1
58.64 53.0333 -1
68.4897 65.4751 -1
29.2001 12.3452 -1
75.7427 68.405 -1
91.9311 84.7877 -1
